1074
10213
10228
10183
5495
9758
7989
9162
14507
5842
14189
10365
12808
13488
1420
7010
12496
9454
10098
9644
13514
7181
10038
1128
99
1005
12978
1002
10235
7564
10149
151
10249
4458
10161
11358
10152
16798
7226
11659
10227
514
9645
10237
14493
10086
2528
10302
101
10115
1114
13729
7255
5274
4498
2881
4885
10253
1631
15106
10312
10024
1879
15801
3322
10113
10264
5746
957
8312
10224
10070
10020
14359
10118
10144
136
10329
5745
1433
14588
553
17453
4846
7565
16409
15125
10127
10232
5264
11292
14403
10125
230
10322
16091
14263
7950
1116
10039
14655
1376
2900
10211
10002
10171
10163
6838
2116
10223
10096
7204
10333
10200
10111
10614
10179
10064
1009
10221
2756
12336
114
10268
9672
9370
10128
10175
14893
10236
1142
14419
10251
8315
15321
10035
10331
10133
1020
9753
10005
10082
10909
835
9648
12979
11313
10032
10085
10281
9947
10119
12991
11251
1008
10261
1413
10104
1031
10004
11299
1032
10320
1033
10130
1019
11312
1004
2492
16095
10240
1021
1635
4266
10358
12597
8537
10155
10245
15559
1003
1104
14500
10229
10074
10259
10294
11248
10205
10072
10293
12028
10046
10361
591
10110
11232
16100
10105
10120
10
10075
2684
4286
1013
10156
6000
594
10254
7225
8732
6839
10347
10132
10103
9770
10369
9641
2567
1535
10073
10083
11747
5632
10066
10273
10311
1025
3186
1109
10219
1982
10080
10076
13754
3191
10362
12825
9774
4343
102
10102
10279
10355
17624
1014
12992
7256
10204
1026
16667
16094
10147
10292
141
10117
539
10271
171
10189
10088
10283
11645
1380
11448
12281
10087
10095
1063
2526
10158
10243
1023
16010
10029
9776
1028
10285
10286
10192
13161
103
10023
10277
10321
10356
1147
10686
6360
6538
7064
5629
1035
10122
10162
4497
10270
10047
14015
10068
12420
1966
10695
10360
16673
14690
10260
10198
11814
10033
8757
10145
8099
11941
13307
2828
960
1097
10291
9650
10185
5273
2784
11253
10371
58
10091
10393
10003
9759
1141
10206
1012
1453
10246
14299
10207
1118
10238
10344
7534
1123
3764
9754
86
10290
1149
10131
2239
14157
9371
8201
11195
10084
10202
3683
10234
5999
10025
1024
1094
10124
10332
13661
15205
10194
10239
1390
10065
12011
11644
1007
10129
1010
1016
1015
9466
6186
5276
1011
13949
5910
14604
9364
10222
14693
16778
10306
4031
10153
15049
9643
11210
10123
10187
9773
5452
9640
3182
1029
600
15064
10081
16090
8150
7806
10350
10121
2887
2377
10176
10289
1036
15260
10178
10036
10142
10679
10114
10170
9633
10275
12888
2246
10357
10280
10300
10353
10079
10274
3002
1017
10041
1022
10307
8671
1382
1395
10093
6539
4300
1006
10310
12455
10027
1027
1034
10026
10346
10151
15046
2788
150
1030
100
1107
10172
10265
10174
10886
5278
3192
10330
10090
8980
9782
4263
9
7125
10354
10154
1018
10157
1667
5166
10135
10092
10094
1893
9838
10030
5642
6038
9657
10284
10148
10042
9772
962
14630
5634
10006
10071
1801
10233
10107
